1
Stage1.jpg
60
1000
5
S1
1
1000
false
10
-10
300
5
S1
4
1000
false
750
-10
1000
5
S2
2
300
false
-10
20
0
5
S2
5
300
false
820
20
3000
1
L1
0
100
false
150
-250
500
3
S2
2
500
false
-10
0
2000
5
S1
3
500
false
-10
10
100
5
S2
5
400
false
820
0
3000
1
L1
0
100
false
650
-250
500
3
S2
5
500
false
820
0
2000
5
S1
4
500
false
770
-10
500
5
S2
2
500
false
-10
0
2000
5
S2
3
500
false
-10
20
500
5
S1
4
500
false
780
-10
5000
1
L1
0
100
false
350
-250
10000
1
B1
0
100
false
350
-250
*