11
Kittenax.jpg
60
1000
5
S3
2
1000
false
10
-10
10000
5
S3
5
1000
false
750
-10
1000
5
S4
1
300
false
-10
20
0
5
S4
4
300
false
820
20
3000
1
L2
0
100
false
150
-250
500
3
S4
3
500
false
-10
0
2000
5
S3
2
500
false
-10
10
100
5
S4
1
400
false
820
0
3000
1
L2
0
100
false
650
-250
500
3
S4
4
500
false
820
0
2000
5
S3
5
500
false
770
-10
500
5
S4
3
500
false
-10
0
2000
5
S4
2
500
false
-10
20
500
5
S3
5
500
false
780
-10
5000
1
L2
0
100
false
350
-250
10000
1
B2
0
100
false
350
-250
*