C1
RapidBlaster
0
0.5
0
100
500
1
32
-25
25
65000
50
15000
75
70000
100
140000
C2
Poison
0
1
1
700
500
3
25
-33
25
85000
55
15000
100
80000
125
155000
C3
Missile
0
0.5
2
200
4000
1
32
-25
25
65000
50
15000
75
70000
100
140000
H1
Shuriken
0
0.4
0
300
500
1
14
-20
25
100000
100
15000
125
55000
150
170000
H2
ChainLightning
0
0.7
1
100
500
4
21
-47
25
75000
100
15000
150
60000
200
135000
H3
Missile
0
0.5
2
100
4000
1
21
-47
25
75000
100
15000
150
60000
200
135000
A1
Closed-rangeLaser
0
0
0
100
20
5
12
-60
50
50000
150
15000
200
45000
250
215000
A2
FlameThrower
0
0.3
1
200
500
1
39
-27
75
120000
100
15000
200
50000
500
185000
A3
Missile
0
0.5
2
200
4000
1
39
-27
75
120000
100
15000
200
50000
500
185000
H22
ChainLightningSisa
0
0.3
1
200
500
3
39
-27
75
120000
100
15000
200
50000
500
185000
S
Small
0
-0.5
0
300
500
1
30
120
25
65000
50
15000
75
70000
100
140000
L
Large
0
-0.06
0
3000
200
1
55
210
25
65000
50
15000
75
70000
100
140000
B
Boss
0
-0.3
0
2000
100
1
41
250
25
65000
50
15000
75
70000
100
140000